&&

1101GeoSrv-Well -559
110200
110311
11049722
110520200118
1106152602 
110702
11081442.526001
11091442.009888
111096.003174
111156.566719
11136.734452
111524.920225
111622.173670
111714.524655
111815.268369
111915.616290
11293.504983
!!
&&

0401GeoSrv-Well -559
040200
040304
04049721
040520200118
0406152602 
040702
04081442.526001
04091442.009888
04101442.526001
04121.247939
04131008.838440
04177.709107
04182.820430
04190.000000
04200.976045
04210.000000
04220.000000
04230.636670
042417.595573
04250.048063
042671.365189
042733.204144
04282.442179
042966.365753
04301.252119
!!
&&

0101GeoSrv-Well -559
010200
010301
01049727
010520200118
0106152611 
010702
01081442.526001
01101442.526001
01111442.009888
01128.209107
01134.755646
011467.828461
011567.966377
01162.365921
01172.365921
01180.001707
01190.285938
01206.054545
012136.633575
0122-1.683000
012329.933334
012425.000000
012656.558483
01276.711728
01282.853671
01292.853671
01301006.242249
01311.256254
01321.247936
013331.183802
013420.471960
013760824.625000
01391439.000000
01403804.000000
!!
&&

0101GeoSrv-Well -559
010200
010301
01049727
010520200118
0106152624 
010702
01081442.515503
01101442.526001
01111442.009888
01128.219527
01134.755646
011468.721291
011569.073524
01161.473091
01171.473091
01180.000877
01190.129950
01202.345454
012136.694862
0122-1.681010
012329.940001
012425.000000
012656.586205
01276.734375
01282.852920
01292.852920
01301021.122559
01311.256311
01321.247926
013331.459738
013420.472315
013760835.875000
01391439.000000
01403795.000000
!!
&&

1101GeoSrv-Well -559
110200
110311
11049722
110520200118
1106152633 
110702
11081442.526001
11091442.009888
111096.244308
111156.605507
11136.768831
111524.915329
111622.178640
111714.725389
111815.264058
111915.591709
11293.542634
!!
&&

0401GeoSrv-Well -559
040200
040304
04049722
040520200118
0406152633 
040702
04081442.526001
04091442.009888
04101442.489502
04121.247933
04131013.047546
04177.773531
04182.833268
04190.000000
04200.982565
04210.000000
04220.000000
04230.637430
042417.816643
04250.048666
042671.961578
042733.342678
04282.452368
042966.642647
04301.252132
!!
